38
30158
24031
19787
8579
18593
12601
1104
905
23235
4479
27621
9639
21599
30214
7523
31505
17056
11969
16380
4581
12377
17459
28674
18814
19883
20420
1897
25526
30443
17392
19140
23817
20951
28676
29922
14868
14099
1841
7325
7402
3011
25415
2513
12100
11523
3255
470
11732
8182
7839
27597
17780
28294
5399
30957
28485
29958
28510
6253
18954
21686
14421
7550
24549
30960
281
5506
6948
19582
7508
6785
8586
14554
3006
27376
1927
6497
26352
6036
4657
24402
30046
1486
18453
27496
17397
2098
31410
8659
19725
24053
14935
8011
761
27323
25580
8762
21690
14934
